p_val	avg_log2FC	pct.1	pct.2	p_val_adj
Gm15965	3.26294347166404e-67	1.31368964065421	1	0.825	4.91366657397888e-63
Gm27010	4.14244770040304e-55	1.4479609294405	0.996	0.568	6.23811199203694e-51
Arglu1	1.12242829106549e-49	2.51957561159193	0.966	0.279	1.69026476351552e-45
Ptp4a2	2.16072219647307e-47	2.51141471738425	0.996	0.718	3.2538315556688e-43
Set	1.91584430467234e-41	1.91243182061654	0.991	0.764	2.88506993840608e-37
Gnb1	1.01144924056541e-40	2.77124307314481	0.97	0.693	1.52314141136746e-36
Kdm6b	1.14869568344903e-40	2.73582867224197	0.888	0.214	1.7298208297059e-36
Gm28875	1.64489631806032e-34	3.7152329963715	0.845	0.25	2.47704936536703e-30
Lst1	5.08592396977028e-34	2.32619387044191	0.858	0.343	7.65889290607707e-30
Srsf2	4.81341291872785e-33	2.02344704208119	0.966	0.675	7.24851851431227e-29
Sod1	5.10433983291737e-33	1.40236292188998	0.991	0.961	7.68662535439026e-29
Socs2	1.59010494947725e-32	3.25029645908684	0.79	0.136	2.3945390434178e-28
Cbx3	1.69552784005307e-31	1.40514098175116	0.987	0.604	2.55329537433592e-27
Luc7l3	4.73978227867302e-31	1.92402026272879	0.897	0.411	7.13763813345371e-27
Erdr1	5.71605748629703e-31	2.13559788676426	0.914	0.404	8.6078109686147e-27
Mettl23	1.4429626011189e-30	1.5358924977624	0.987	0.721	2.17295738102495e-26
Gm26785	4.72956554599397e-30	1.00846023765504	0.798	0.171	7.12225275571232e-26
Csnk2a1	2.29133079034344e-29	2.55407454537676	0.88	0.354	3.45051503717819e-25
Klf13	8.45681828912533e-28	3.15546967082959	0.815	0.418	1.27351226615938e-23
Actr2	1.08369013417183e-27	1.81050089967387	0.914	0.35	1.63192897304935e-23
Mbtd1	2.27164722565322e-27	1.277861478779	0.996	0.561	3.42087355711118e-23
Tmsb10	2.43538798347225e-27	1.17557695968931	0.97	0.821	3.66745076431086e-23
Sept2	2.56245337792889e-27	1.59351420074388	0.957	0.611	3.85879854182312e-23
Rbm39	5.96869229336428e-27	1.08855525858293	1	0.939	8.98825372457727e-23
Mbnl1	7.29757573869532e-27	1.7652816611965	0.983	0.811	1.09894193049013e-22
Ndufa3	1.89927256048869e-26	1.76083560507183	0.888	0.661	2.86011454883991e-22
Hist1h2ap	2.12995975186413e-25	1.79999237572523	0.635	0.175	3.20750639033219e-21
2410006H16Rik	1.39556962591835e-24	1.30351459319455	0.94	0.782	2.10158829967045e-20
Pan3	4.93006763530606e-24	1.49248670636678	0.871	0.289	7.4241888520074e-20
Zscan26	6.1635299956704e-24	1.60445477330442	0.764	0.171	9.28165982048006e-20
Cox17	9.91897571131489e-24	1.6674396879486	0.747	0.382	1.49369855236691e-19
Gm21987	1.06761788875216e-23	1.49044533408534	0.704	0.35	1.60772577867188e-19
Gsk3b	1.26729529670842e-23	2.01813930535771	0.901	0.704	1.90841998731321e-19
Nras	5.22980740482246e-23	2.24206633592677	0.833	0.354	7.87556697092214e-19
Rpgrip1	2.10203487741656e-22	1.7476295395389	0.91	0.364	3.16545432190159e-18
Crebbp	2.35642837234622e-22	1.83477998435296	0.897	0.379	3.54854548591618e-18
Ndufa4	3.21321871907845e-22	1.10432799449992	0.957	0.857	4.83878606906024e-18
Enah	3.90985491786832e-22	2.17928090576644	0.597	0.114	5.88785052081791e-18
Aim1l	5.07129513510233e-22	1.1140042837928	0.648	0.114	7.6368633439506e-18
Slc25a36	5.30622158884918e-22	1.74650768366726	0.854	0.45	7.99063909064797e-18
Ifi203	9.60356126702266e-22	1.20758378916935	0.923	0.618	1.44620029120094e-17
Zfp488	1.00621644114402e-21	1.42056836330831	0.691	0.196	1.51526133871878e-17
Pim1	1.11513990408046e-21	1.44812323516879	0.893	0.271	1.67928918155477e-17
C330006A16Rik	1.2109866328502e-21	2.41636370900075	0.931	0.811	1.82362477040911e-17
Gm16712	1.25045841284341e-21	1.96929664168938	0.828	0.318	1.88306532390089e-17
1810037I17Rik	1.77570449817732e-21	1.34508437538059	0.751	0.386	2.67403340380522e-17
Ebi3	1.95747649331822e-21	2.0499054778192	0.794	0.35	2.9477638512879e-17
RP24-81A5.2	3.01295390642812e-21	1.76294638627273	0.914	0.464	4.53720728769011e-17
Gm10767	3.64798131887907e-21	1.08297250703612	0.721	0.221	5.49349506809999e-17
Hmga2	9.95816434351815e-21	2.16664838420259	0.584	0.114	1.4995999684904e-16
Gm4117	1.03587023175764e-20	1.37859542313488	0.948	0.489	1.55991698200383e-16
Wapal	1.91896688274236e-20	1.68053956607883	0.755	0.293	2.88977222872173e-16
Gatad1	2.60459283581426e-20	1.59400138734631	0.807	0.304	3.92225635145269e-16
Mier1	2.79795254313659e-20	1.41734603345608	0.828	0.321	4.21343673470939e-16
Snrpg	3.37512018328867e-20	1.04817832958769	0.944	0.829	5.08259348401441e-16
Rbm25	4.47835187011371e-20	1.46894998297329	0.983	0.782	6.74395008120423e-16
Swt1	5.31117551386839e-20	1.58662079431061	0.901	0.382	7.99809920633441e-16
Supt16	8.59108079346258e-20	1.36636157046303	0.888	0.368	1.29373085668753e-15
Gm14735	1.12398059247531e-19	1.00720576973285	0.494	0.082	1.69260237420858e-15
Gm28268	1.13840027188358e-19	1.12307786741826	0.927	0.561	1.71431696942949e-15
AC107830.1-2	1.78159860036144e-19	1.84500614528556	0.712	0.114	2.68290933228429e-15
Tial1	2.38829186686118e-19	1.35050092611938	0.601	0.161	3.59652872230625e-15
Tug1	2.50975059035476e-19	2.20079670947505	0.721	0.254	3.77943341401524e-15
Sat1	7.74872326544875e-19	1.50828011091463	0.798	0.5	1.16688023654393e-14
Dynll1	8.00765507920142e-19	1.67298218603871	0.979	0.696	1.20587277837694e-14
Taok1	9.82937122435649e-19	1.66706446510317	0.682	0.179	1.48020501267584e-14
Nmt2	1.33592363788199e-18	2.11269112881766	0.7	0.282	2.01176740628649e-14
Cox6b1	1.88558779757345e-18	1.24958731863439	0.901	0.854	2.83950666436586e-14
Atp5e	2.91924380579712e-18	1.24833356395865	0.936	0.871	4.39608924714988e-14
Dpp10	3.48639855767838e-18	1.19798267643215	0.708	0.25	5.25016758800788e-14
Zbtb38	6.33140224365511e-18	2.34111603332776	0.811	0.475	9.53445863872024e-14
Nsd1	6.74442641564261e-18	1.65027782679538	0.837	0.486	1.01564317393162e-13
4933429H19Rik	1.06442357019347e-17	1.26591542269045	0.76	0.275	1.60291545435434e-13
Canx	1.51150445948069e-17	1.14272943755848	0.957	0.764	2.27617456553197e-13
Gm43498	1.66488702900065e-17	1.1185871507028	0.652	0.221	2.50715337697208e-13
Gm43126	2.31868999680483e-17	1.86597892809796	0.734	0.271	3.4917152661884e-13
Gm10025	2.39531025709437e-17	1.06532735991491	0.515	0.118	3.60709771615842e-13
Atp5k	2.42741769303063e-17	1.23354742638018	0.82	0.546	3.65544830393482e-13
Luc7l2	3.54184240940311e-17	1.41601635284777	0.773	0.311	5.33366048432014e-13
Ost4	3.61783069964816e-17	1.15953246932628	0.91	0.732	5.44809125060016e-13
Kcnq1ot1	5.65234010836413e-17	1.08951307053721	0.991	0.975	8.51185896918554e-13
Ddhd2	6.53632425475581e-17	2.12328309730225	0.785	0.371	9.84305069523678e-13
Sh3bgrl3	6.67806076317373e-17	1.05323099023846	0.948	0.864	1.00564917032633e-12
Mllt3	7.43781099540093e-17	1.03458038420685	0.94	0.793	1.12005995779743e-12
RP23-390I1.6	7.60264301398427e-17	1.11561597361546	0.773	0.318	1.14488201147589e-12
Paip1	7.62114569660298e-17	2.11222232304089	0.691	0.375	1.14766833045144e-12
Gm27640	9.44246646615249e-17	1.20427167959464	0.485	0.032	1.4219410251379e-12
Kdm5a	1.18823273025464e-16	1.11021661192184	0.871	0.464	1.78935966849047e-12
Eif5	1.40046762618993e-16	1.21576850000197	0.931	0.754	2.10896419827942e-12
Ikzf2	1.69511718571266e-16	1.90971165029573	0.584	0.146	2.5526769699647e-12
Gatad2b	2.02390740153419e-16	1.8214264303831	0.876	0.3	3.04780215597033e-12
Gm15541	2.1168255048344e-16	1.22843840171184	0.665	0.204	3.18772752773012e-12
Ahnak	2.3136500596646e-16	2.21458464376928	0.524	0.089	3.48412562484892e-12
Gm26538	2.46285376823119e-16	1.14179667490464	0.747	0.239	3.70881148957934e-12
Tcf7l2	3.31945291128352e-16	2.14672891838351	0.734	0.554	4.99876413910185e-12
Phactr2	3.41758089782913e-16	2.40121679358474	0.764	0.414	5.14653507404089e-12
Calcrl	4.59401790586828e-16	1.3152070857992	0.682	0.25	6.91813156444704e-12
Gm12940	5.08280441026605e-16	1.16354710509855	0.828	0.289	7.65419516141964e-12
Prrc2c	8.37218635751521e-16	1.08403546522084	0.957	0.743	1.26076754357822e-11
Chchd7	1.08682970912225e-15	1.34541102561475	0.85	0.514	1.6366568589672e-11
Rc3h2	1.27573592543712e-15	1.21254256661009	0.605	0.182	1.92113073011575e-11
Tceb2	1.7600287808888e-15	1.12530449655594	0.906	0.818	2.65042734114045e-11
RP23-26I10.2	1.88198248730419e-15	2.2761332672656	0.253	0.014	2.83407742763138e-11
Col4a2	2.12767976268969e-15	1.83583500300381	0.567	0.2	3.20407295463441e-11
Sulf2	2.2418853639356e-15	1.49190289566489	0.485	0.046	3.37605516955062e-11
Lgals1	2.28783697577565e-15	2.39294825460841	0.536	0.196	3.44525370182056e-11
Gm40309	2.54612567024908e-15	2.84527719432251	0.481	0.093	3.83421064682809e-11
Ccnd2	2.6280774946315e-15	1.33726227778186	0.991	0.968	3.95762189916557e-11
Lrrc8a	2.87292041624213e-15	2.25006195091847	0.76	0.775	4.32633085481903e-11
Gm27517	2.96069192793802e-15	2.01983716818487	0.489	0.057	4.45850597428187e-11
Tnrc6b	3.46463137247904e-15	1.43232823910458	0.755	0.354	5.21738838381618e-11
Tma7	4.46358715912875e-15	1.25038437439197	0.854	0.654	6.72171590293199e-11
Mrps21	5.11813138537646e-15	1.27820839883636	0.588	0.3	7.70739405323842e-11
Dhtkd1	5.19759434509384e-15	1.08607196026376	0.768	0.286	7.82705732427681e-11
Atp5j2	5.85637509663411e-15	1.26923045246278	0.88	0.732	8.81911525802131e-11
BC051077	6.17688057400902e-15	1.13703716389609	0.738	0.311	9.30176445640019e-11
Gm20716	6.34486212119238e-15	1.09935464370443	0.798	0.529	9.55472786830361e-11
Mysm1	6.42056301562806e-15	1.48463118455192	0.708	0.257	9.66872584523429e-11
Uqcr11	6.73533718276455e-15	1.23491737466264	0.918	0.832	1.01427442635251e-10
Inpp4a	6.84626949224516e-15	2.50586276211489	0.584	0.207	1.0309797228372e-10
Gm26905	6.87937772750393e-15	1.38874500195841	0.858	0.439	1.03596549198482e-10
Sec62	7.24073545805421e-15	1.12318215736957	0.837	0.514	1.09038235262838e-10
Pbrm1	7.70721363246745e-15	1.60967242870618	0.755	0.286	1.16062930091327e-10
Med21	7.81564855535083e-15	1.13927515358839	0.871	0.45	1.17695851595028e-10
RP23-431L24.2	9.07839632738694e-15	1.35042247048695	0.798	0.4	1.3671157029412e-10
Yod1	9.7594613262186e-15	1.89627125649797	0.665	0.175	1.46967728111526e-10
Rbm26	1.18873153401928e-14	1.21903885124616	0.627	0.2	1.79011081707964e-10
Gm17615	1.20301445222583e-14	1.10475447793291	0.378	0.096	1.81161946360687e-10
Pdcd5	1.24252646913257e-14	1.36105487496688	0.657	0.4	1.87112060986674e-10
1810022K09Rik	1.3958166276159e-14	1.01674326383458	0.717	0.382	2.10196025952679e-10
Mgea5	1.54133162071153e-14	1.37066893557227	0.712	0.236	2.32109128762949e-10
RP24-355N14.3	1.64822981043178e-14	1.2423767957906	0.807	0.393	2.48206927152921e-10
Uqcr10	1.78288433211495e-14	1.57006236296214	0.777	0.579	2.6848455157319e-10
Ppp3ca	2.93733121052083e-14	1.34860343661186	0.592	0.189	4.42332706992333e-10
Yme1l1	3.40204402195093e-14	1.47265745955784	0.764	0.332	5.12313809265591e-10
Usmg5	3.68385197997042e-14	1.17075866467198	0.837	0.529	5.54751269663745e-10
RP23-395H6.2	4.50819140689265e-14	1.20255540622197	0.399	0.05	6.78888543963964e-10
Ppm1h	5.37610378589793e-14	1.54220320746364	0.657	0.289	8.09587469118369e-10
4933434E20Rik	5.48973728285823e-14	1.51320247791113	0.863	0.532	8.26699537425621e-10
Msi2	6.18759741759151e-14	1.24976687529568	0.888	0.514	9.31790295115105e-10
Gm27022	7.13470258212658e-14	2.17614192417823	0.339	0.043	1.07441486184244e-09
Hypk	9.05227078171561e-14	1.30475915175524	0.884	0.675	1.36318145701855e-09
Hnrnpa0	9.3114655964271e-14	1.92409386790377	0.515	0.146	1.40221360416596e-09
Gm21981	1.33115644838037e-13	1.06192927309618	0.876	0.779	2.00458849561599e-09
Dhx9	1.38867801989532e-13	1.67669528760276	0.682	0.196	2.09121023016037e-09
Gm43378	1.43573741319779e-13	1.00832145692857	0.403	0.057	2.16207697053456e-09
Cox6a1	1.71780450825891e-13	1.08235241680237	0.906	0.875	2.58684180898709e-09
Mrgprc2-ps	1.84552122715207e-13	1.05313665105116	0.322	0.082	2.7791704159683e-09
Larp4b	1.91089779878987e-13	1.75799971787784	0.601	0.214	2.87762099519767e-09
Vmn1r58	1.95324924484333e-13	1.07721229559458	0.549	0.157	2.94139803780957e-09
Rock1	2.12238969682454e-13	1.33468469119856	0.575	0.157	3.19610664444807e-09
9930111J21Rik2	2.1604147484944e-13	1.11309377884564	0.833	0.396	3.25336856975772e-09
Anapc11	2.55941875356789e-13	1.26985098242103	0.738	0.55	3.85422870099788e-09
Zfp874b	2.57212999405562e-13	1.79877886806815	0.489	0.089	3.87337055804836e-09
Gm43668	2.9625701412939e-13	1.19835906439173	0.511	0.093	4.46133437577449e-09
Dfna5	3.08362399878017e-13	2.03288260167356	0.644	0.261	4.64362937976305e-09
Slfn2	3.15090309091972e-13	1.66903163877565	0.614	0.296	4.74494496461601e-09
2500004C02Rik	3.39918871008572e-13	1.93658521673565	0.618	0.164	5.11883827851809e-09
Ssbp3	3.52667761180219e-13	2.11870738530916	0.575	0.107	5.31082381561291e-09
Nemf	3.8954726520406e-13	1.85005937301184	0.605	0.207	5.86619226670794e-09
Tomm6	4.57140852282864e-13	1.05668697554115	0.867	0.779	6.88408409452765e-09
Srek1	4.93347782514404e-13	1.147395859836	0.721	0.314	7.42932425688442e-09
Gm42445	5.34327647007905e-13	1.34591439989901	0.738	0.289	8.04644003629204e-09
Rock2	6.35122803474691e-13	1.43688863488311	0.618	0.264	9.56431429752537e-09
RP23-431L24.1	6.68693229150742e-13	1.09780212689305	0.549	0.175	1.0069851337781e-08
Kmt2a	6.7896117045101e-13	1.37147905539094	0.863	0.543	1.02244762658218e-08
Nrip2	6.98061136553122e-13	1.06386626407497	0.618	0.189	1.05121026553535e-08
Eif5b	7.70838487822706e-13	1.19458505042602	0.687	0.339	1.16080567881221e-08
Veph1	9.166275431024e-13	1.37260249775867	0.502	0.089	1.3803494171579e-08
Nop10	9.40016330101006e-13	1.11860025515218	0.91	0.861	1.41557059149911e-08
Ddx58	1.0847112040118e-12	1.1224299168964	0.85	0.379	1.63346660212136e-08
Ndufab1	1.15709857061558e-12	1.07089874648968	0.781	0.479	1.74247473749e-08
Clk4	1.44764736192649e-12	1.34251950922339	0.734	0.411	2.1800121623251e-08
Gm17132	1.487199496474e-12	1.20207953305564	0.773	0.293	2.23957372174019e-08
Upf3b	1.55834838524973e-12	1.69607204487876	0.588	0.164	2.34671683334756e-08
Nrk	1.6046230052177e-12	2.83953166110793	0.266	0.021	2.41640178355734e-08
Gm17066	2.10444270996506e-12	1.1319427490038	0.446	0.054	3.16908027693638e-08
Gtf2a1	2.17566588704241e-12	2.24279389608912	0.502	0.168	3.27633525929716e-08
Zfp608	2.1822214231805e-12	1.66400028437559	0.682	0.232	3.28620724116752e-08
Gm28370	2.22139460412811e-12	1.540524055949	0.528	0.146	3.34519813435652e-08
Ccdc6	2.29304723050518e-12	2.1937531364902	0.502	0.125	3.45309982441776e-08
Gnaq	2.33951889351719e-12	2.67298227757925	0.442	0.118	3.52308150174754e-08
Nudt5	2.73350209572467e-12	1.12963769498017	0.82	0.389	4.11638080595178e-08
RP23-349K15.2	2.8009327540327e-12	1.71208781273795	0.734	0.271	4.21792463429785e-08
Ptrf	3.29175794079424e-12	1.57476242345003	0.876	0.507	4.95705828304204e-08
Bclaf1	3.34812794820764e-12	1.14092105159782	0.837	0.646	5.04194587720588e-08
Arpc3	3.57653191662088e-12	1.16659177203126	0.876	0.743	5.38589941323938e-08
Hist1h2ac	3.89974936904316e-12	1.29751834998306	0.279	0.021	5.8726325748421e-08
Tmem258	4.35807528930323e-12	1.05268074810334	0.888	0.736	6.56282557816174e-08
Qk	4.60512908974034e-12	1.19599576654519	0.506	0.164	6.93486389623997e-08
Anxa6	5.17423442003679e-12	1.77805995413726	0.558	0.282	7.7918796131334e-08
Map3k1	5.20330063785919e-12	2.18588304177265	0.695	0.679	7.83565043055216e-08
4933436I20Rik	5.41355081344187e-12	1.11531844396015	0.33	0.075	8.15226616996211e-08
Ndufa5	5.61422537213938e-12	1.20480092000582	0.601	0.357	8.45446198790469e-08
Ttc3	6.11347687096248e-12	1.11198736453391	0.824	0.586	9.2062848199824e-08
Zfp691	6.94980017035054e-12	1.58268603145371	0.442	0.139	1.04657040765309e-07
Nipbl	7.04089167931878e-12	1.1607878571084	0.712	0.393	1.06028787798862e-07
Gigyf1	7.04857928023131e-12	1.40818730548418	0.764	0.279	1.06144555381003e-07
Hist1h2bg	7.19766645003282e-12	1.10448064854093	0.206	0	1.08389659071044e-07
Ndnf	7.24905008165743e-12	2.46077435694712	0.227	0.039	1.09163445179679e-07
Gm16523	7.4401048378386e-12	1.23859223753745	0.292	0.061	1.12040538753012e-07
Tmem256	8.12433165234499e-12	1.15051490469215	0.712	0.539	1.22344310352663e-07
Gm43830	8.27946298438067e-12	1.00362976160385	0.433	0.107	1.24680433081789e-07
Anp32a	8.76749562172286e-12	1.73057887078728	0.605	0.271	1.32029716567525e-07
Ric1	8.77805884219416e-12	1.09902894986182	0.678	0.35	1.32188788104602e-07
Tmem126a	9.26348574344205e-12	1.15818166837417	0.605	0.164	1.39498831810494e-07
Fkbp3	9.33331983544577e-12	1.01797434652236	0.927	0.668	1.40550463401978e-07
Esf1	1.02457465762338e-11	1.60682156561861	0.464	0.136	1.54290697691505e-07
Gm27624	1.0556525779981e-11	1.05729198717728	0.442	0.043	1.58970721720733e-07
Ddi2	1.07222413536947e-11	1.67857313383717	0.532	0.129	1.61466232545288e-07
1190002F15Rik	1.07802021115344e-11	1.85114451412422	0.472	0.171	1.62339063597597e-07
Dnmt3a	1.09521743402857e-11	1.37047396191981	0.845	0.489	1.64928793390362e-07
Bmpr2	1.21038232645384e-11	1.70056148400371	0.515	0.157	1.82271474540684e-07
Twf1	1.2912048009477e-11	1.42873373421519	0.545	0.193	1.94442530974714e-07
Tmed5	1.33451015531385e-11	1.14343580280907	0.858	0.382	2.00963884288712e-07
Swi5	1.45582382439512e-11	1.02461482385594	0.876	0.732	2.19232509715662e-07
Hist1h2ae	1.87857451889576e-11	1.73958283665027	0.236	0.032	2.82894536800512e-07
Tmem263	1.93750801916034e-11	2.00436280450612	0.554	0.143	2.91769332605356e-07
Ms4a6b	1.95415406755587e-11	1.51765276032022	0.459	0.157	2.94276061033239e-07
Atxn7l3b	2.26254952094486e-11	1.01765370293489	0.854	0.718	3.40717332359087e-07
Snora31	2.39590764522435e-11	1.12733570142141	0.159	0	3.60799732294335e-07
Gm42513	2.40229024009602e-11	1.14817912051154	0.635	0.239	3.6176088725606e-07
Srrm2	2.56354535547522e-11	1.27258546548296	0.991	0.904	3.86044295081013e-07
Nudt3	2.76543513206313e-11	1.81119792817376	0.773	0.443	4.16446876537387e-07
Pafah1b1	3.56400822500651e-11	1.48860620577426	0.579	0.211	5.3670399860373e-07
Top1	3.74352500134059e-11	1.28273301321939	0.768	0.361	5.6373742995188e-07
Msl1	3.7628103897696e-11	1.54408279917213	0.485	0.182	5.66641616595403e-07
Gria3	3.84862790200741e-11	2.03701138601481	0.296	0.075	5.79564875763297e-07
Plxdc2	3.91807159735115e-11	1.032385094371	0.639	0.289	5.90022401845109e-07
4930447C04Rik	4.17519605052232e-11	1.74132745858813	0.339	0.036	6.28742773248156e-07
2310001H17Rik	4.35766720898322e-11	1.21008484342922	0.657	0.318	6.56221105000783e-07
U2surp	4.84722331278941e-11	1.07371720539415	0.798	0.407	7.29943358672958e-07
Pfas	4.89331255092014e-11	1.41330427900008	0.627	0.264	7.36883937043064e-07
Mir142hg	5.11846898999435e-11	1.1715661815651	0.571	0.243	7.70790245203249e-07
Rbm8a	5.53283543408106e-11	1.03491383779888	0.773	0.546	8.33189688018268e-07
Cyba	5.62732895706774e-11	1.09041834087774	0.845	0.718	8.47419467644831e-07
Srpk1	5.92452211137063e-11	1.26984928378166	0.824	0.468	8.92173784751302e-07
Prorsd1	5.93293261444666e-11	1.15855781100201	0.528	0.2	8.93440322409523e-07
Ube3a	6.09641743433464e-11	1.36101105754232	0.691	0.311	9.18059501436453e-07
Gm42722	6.48082112987119e-11	1.48938234604531	0.348	0.086	9.75946853947302e-07
Lhcgr	6.8960067043322e-11	1.16964165411227	0.562	0.239	1.03846964960539e-06
Sltm	7.20835753278459e-11	1.10270816714755	0.682	0.332	1.08550656086203e-06
Gm10801	7.51517358022001e-11	1.94880862242724	0.12	0.079	1.13170998944533e-06
RP23-428H16.1	7.85767358316872e-11	1.24913929838771	0.562	0.239	1.18328706488938e-06
Gm42519	7.89139065272359e-11	1.3338096223747	0.794	0.421	1.18836451839364e-06
Gm11346	8.4146376817533e-11	1.75075868521613	0.498	0.125	1.26716028849523e-06
Smc6	8.50772600615230e-11	1.20385674293119	0.481	0.204	1.28117845926648e-06
Maml2	8.70574037617732e-11	2.31757189618233	0.519	0.154	1.31099744324854e-06
Arid4a	8.88250722658719e-11	1.16403161122695	0.648	0.271	1.33761676325176e-06
Zdhhc20	8.92854962077036e-11	1.51437127916901	0.738	0.318	1.34455028739181e-06
Znf512b	9.26313603585368e-11	1.72218977505066	0.712	0.293	1.39493565563921e-06
Tacc1	9.3762157664622e-11	1.72935166468185	0.76	0.361	1.41196433227154e-06
Tm6sf1	1.04317279238101e-10	1.88030193010164	0.395	0.071	1.57091390804656e-06
Rab27a	1.08488168913826e-10	1.19849013160477	0.648	0.175	1.6337233356733e-06
Abcg1	1.26501486646459e-10	1.26686679989734	0.794	0.489	1.90498588740903e-06
Pias4	1.38185105881546e-10	1.18442248283095	0.798	0.321	2.08092950947021e-06
Lamtor2	1.55885602521128e-10	1.49137272811436	0.725	0.571	2.34748128836567e-06
Esrra	1.75114206302838e-10	1.10943163357441	0.867	0.554	2.63704483271444e-06
Lsm5	1.8602312337276e-10	1.07087765885018	0.528	0.243	2.80132221487039e-06
Gm10800	2.0554312805348e-10	2.4479609294405	0.24	0.221	3.09527396535736e-06
Gm10717	2.13038988335923e-10	1.97864357907326	0.103	0.068	3.20815412535067e-06
Cir1	2.2323728067587e-10	1.22854251855531	0.605	0.246	3.36173020969793e-06
Tspan7	2.49359807906034e-10	1.95706473128182	0.498	0.129	3.75510934725696e-06
Top2b	2.78229882780009e-10	1.02788496709959	0.588	0.268	4.18986380478416e-06
Gm42927	2.80495831921032e-10	1.13921897997283	0.914	0.618	4.22398673289882e-06
Gm43305	2.90406196736967e-10	1.55112184591644	0.936	0.811	4.37322691666199e-06
Strbp	3.30621153442719e-10	1.67055062442171	0.635	0.264	4.9788239496939e-06
Hnrnpd	3.41397709975492e-10	1.22851807372046	0.485	0.189	5.14110811452094e-06
Rep15	4.07414814461188e-10	1.42630944239643	0.438	0.104	6.13525969097102e-06
Gm29055	4.2359546090081e-10	1.1309050549621	0.815	0.404	6.37892404570529e-06
Itpripl1	4.5028906746329e-10	2.28038987224837	0.343	0.114	6.78090306692968e-06
Usp37	4.91678520778413e-10	1.82017168755569	0.73	0.339	7.40418684440212e-06
Guf1	5.11875596713991e-10	1.10849240108184	0.738	0.364	7.70833461091599e-06
Psip1	5.85131427127762e-10	1.23186356910793	0.511	0.221	8.81149416111697e-06
Cntln	5.9239538779919e-10	2.00286152216322	0.339	0.1	8.920882144868e-06
Purb	5.96902447734943e-10	1.67081238512251	0.446	0.161	8.9887539604405e-06
Arhgef15	5.97672109546258e-10	1.70364320626368	0.515	0.139	9.0003442976571e-06
Strn3	6.86111758170091e-10	1.29823154817998	0.489	0.179	1.03321569662834e-05
Carf	6.86772769132319e-10	1.31504869426604	0.678	0.289	1.03421111303636e-05
Epb4.1l4b	7.49093204510974e-10	1.57556506028263	0.558	0.225	1.12805945667308e-05
Gm43984	7.6664348889582e-10	2.52092036322938	0.352	0.075	1.15448842992822e-05
Paxbp1	8.11034858875493e-10	1.70962566827893	0.506	0.161	1.2213373939806e-05
Zfhx3	8.28714283402561e-10	1.84249607893537	0.335	0.057	1.24796083937592e-05
Fxyd1	1.08236572756529e-09	2.25007387946963	0.227	0.032	1.62993454914057e-05
Amt	1.08253196491965e-09	1.46972960831913	0.318	0.054	1.6301848859725e-05
Gm26870	1.1040815866846e-09	2.08799783796064	0.227	0.168	1.66263646138833e-05
Gm43294	1.10743382006304e-09	1.32056596107105	0.464	0.2	1.66768458963294e-05
Gm26735	1.22598499428966e-09	1.82623888072844	0.494	0.15	1.84621080290079e-05
Taf1d	1.25461812963109e-09	1.03219103257716	0.687	0.329	1.88932944141145e-05
Spire1	1.26080478782796e-09	2.03740484724909	0.253	0.039	1.89864592999013e-05
Nucks1	1.46590312924012e-09	1.40267269527344	0.609	0.243	2.2075035223227e-05
D7Ertd715e	1.4958136468104e-09	1.16036358380231	0.622	0.254	2.25254577073178e-05
Fgfr1op2	1.62892876037709e-09	1.13279900851832	0.76	0.532	2.45300382025186e-05
Hist1h1e	1.70596701997202e-09	2.15420038491404	0.399	0.118	2.56901573537586e-05
Myh10	1.98403961577751e-09	2.49849808448018	0.219	0.025	2.98776525739936e-05
Dyrk1a	2.25545119447745e-09	1.27135586276237	0.425	0.1	3.39648395376359e-05
RP23-169H13.6	2.31549816428646e-09	1.08120971782585	0.24	0.057	3.48690868559898e-05
Lyrm4	2.33497256971587e-09	1.46344864732298	0.511	0.354	3.51623519273513e-05
Trim12c	2.39503956799427e-09	1.01838369189686	0.365	0.107	3.60669008544257e-05
Hipk1	2.45011669650156e-09	1.2545602886406	0.734	0.289	3.68963073326171e-05
Irf2bp2	2.578657780336e-09	1.44403719911927	0.485	0.175	3.88320075140798e-05
Gimap4	2.64257911081506e-09	1.85962725771188	0.283	0.071	3.9794598829764e-05
Zfp266	2.98345389440259e-09	1.32210391307486	0.657	0.289	4.49278321958086e-05
Atox1	2.98382409576064e-09	1.10220697032441	0.695	0.518	4.49334070580595e-05
Eea1	3.09374866813907e-09	1.41709996573574	0.386	0.114	4.65887611935062e-05
Mrpl42	3.14850546793303e-09	1.13221843392456	0.601	0.375	4.74133438416036e-05
1810058I24Rik	3.17805869003281e-09	1.19765666207205	0.652	0.475	4.7858385813204e-05
Marf1	3.70732705276475e-09	1.60188381302936	0.567	0.404	5.58286380875843e-05
D8Ertd738e	3.7210948050535e-09	1.25006699748359	0.773	0.586	5.60359666693006e-05
RP24-398O5.2	4.0555298366135e-09	1.06679415948636	0.176	0.025	6.10722238095627e-05
Ccdc34	4.13938996023927e-09	1.41926780241845	0.365	0.143	6.23350734112431e-05
Bloc1s2	4.40127396350524e-09	1.04206053438881	0.489	0.225	6.62787846164254e-05
Fmnl2	4.82718240951389e-09	1.64233233885715	0.202	0.046	7.26925399048696e-05
Mzf1	5.01852804721801e-09	1.02631001270357	0.206	0.025	7.55740138630561e-05
Dnajc19	5.0589125580842e-09	1.09797354404301	0.652	0.375	7.618216421219e-05
Hmgn5	5.33788035134879e-09	1.40639958261871	0.382	0.111	8.03831402109614e-05
Prmt10	5.44525487009488e-09	1.08724284703074	0.386	0.082	8.20000930887588e-05
Mcee	5.52773055759763e-09	1.47858168870506	0.481	0.225	8.32420944668627e-05
Mcmbp	5.54096342854957e-09	1.59183662825044	0.618	0.264	8.34413682705279e-05
St8sia4	5.71538468375076e-09	1.13956599020683	0.674	0.246	8.60679779526028e-05
Tardbp	5.95773635680872e-09	1.08840035004975	0.742	0.479	8.97175517971825e-05
Gm4285	5.98613021499958e-09	1.2600436445644	0.421	0.096	9.01451349076787e-05
Gimap1os	6.0388315624626e-09	1.00423902463823	0.94	0.846	9.09387644991243e-05
Gm42583	6.18919180669241e-09	1.4264168550416	0.339	0.089	9.3203039416981e-05
Eif2ak2	6.20208048403486e-09	1.32792482896073	0.622	0.279	9.3397130009081e-05
Hist1h1c	6.24135570939656e-09	1.51320822709048	0.373	0.143	9.39885756278028e-05
Rgs7bp	6.49464293483132e-09	2.59804178256612	0.167	0.007	9.78028279556248e-05
Gm43190	6.94328803113835e-09	1.15156792666027	0.455	0.136	0.000104558974460912
Xaf1	7.00582690373933e-09	1.39070587089951	0.502	0.25	0.000105500747343411
Myeov2	7.07614074487521e-09	1.23054138923623	0.734	0.543	0.000106559603477076
Cks2	7.12318169261784e-09	1.41640619556565	0.339	0.15	0.000107267993109132
Il4	7.46746629759014e-09	1.84816979181062	0.511	0.107	0.00011245257497541
Skil	7.87434613502622e-09	1.29314328521243	0.202	0.021	0.00011857977844736
BE692007	7.91570324989832e-09	1.55239862406842	0.326	0.057	0.000119202575240219
Bcas2	7.99586069455824e-09	1.1308454097451	0.712	0.464	0.000120409666199353
Gm29361	8.50295524615274e-09	1.26384180910506	0.661	0.325	0.000128046003051814
Pcf11	9.35313137623281e-09	1.27226712990803	0.511	0.229	0.00014084880539469
Snrnp70	9.35650322733115e-09	1.07361666727463	0.845	0.657	0.00014089958210038
Ado	9.69919953217625e-09	2.65705829382374	0.438	0.196	0.000146060245755042
Gm27201	9.94724246106005e-09	1.58566968756604	0.3	0.046	0.000149795524221103
Gm26699	1.03902784738586e-08	1.93613567399122	0.335	0.068	0.000156467203537837
Romo1	1.09504356327258e-08	1.10575199125798	0.863	0.8	0.000164902610193218
Pbx1	1.15553486812436e-08	1.14399823652209	0.773	0.407	0.000174011995790848
Gm10719	1.1604897293153e-08	1.56918365441786	0.206	0.164	0.00017475814833759
Mob4	1.18138188286546e-08	1.07288380364659	0.575	0.261	0.00017790429774071
Smarca5	1.18346257114038e-08	1.03557040834358	0.562	0.229	0.000178217628588029
Ltb	1.20522544808505e-08	1.09150513327726	0.893	0.825	0.000181494900227128
Xpo1	1.21905140507139e-08	1.19078118872905	0.408	0.157	0.000183576951089701
Gm43362	1.24018504920396e-08	1.80306189347467	0.249	0.075	0.000186759466559624
Gm16794	1.47944414508766e-08	1.04142489872767	0.322	0.096	0.00022278949380875
Ndufb5	1.50032270067801e-08	1.00340028376532	0.704	0.486	0.000225933595495101
Bod1l	1.53271516990006e-08	1.26384235478478	0.472	0.236	0.000230811577435251
Tulp2	1.56170087826531e-08	1.52155112970077	0.249	0.014	0.000235176535257973
Csf2rb	1.59964688225307e-08	2.2019422908866	0.343	0.089	0.00024089082399849
Hnrnph3	1.69574655979775e-08	1.16939600364515	0.725	0.357	0.000255362474439943
Mmp16	1.84651729612347e-08	2.07165273864197	0.266	0.05	0.000278067039623233
Gm17535	1.90959907044401e-08	1.0333888006508	0.189	0.146	0.000287566524018164
Cep290	2.0500976699133e-08	1.1999712295256	0.33	0.096	0.000308724208112244
Rbbp6	2.08233927431183e-08	1.17731884478409	0.639	0.275	0.000313579471318618
Zfp710	2.14506738281919e-08	2.31365723045892	0.382	0.079	0.000323025697178742
Kif2a	2.15786533929137e-08	1.30933451204109	0.519	0.218	0.000324952941443887
Tomm70a	2.24863466826741e-08	1.21460453688393	0.425	0.154	0.000338621894694389
Rian	2.33545643123464e-08	1.24571153098209	0.245	0.043	0.000351696383979624
Brd3	2.37875224882766e-08	1.25263470115604	0.824	0.643	0.000358216301150958
Zfp704	2.39752251920214e-08	1.28699603096156	0.528	0.186	0.00036104291616665
Mcc	2.80204464300053e-08	1.35386920436443	0.541	0.207	0.00042195990278945
Ndufs6	2.97898608278702e-08	1.30854620639322	0.601	0.396	0.000448605514206898
Gm16141	3.01585243447574e-08	1.67889227503057	0.524	0.196	0.000454157218107702
Mthfs	3.05278006605171e-08	1.12514921743795	0.476	0.2	0.000459718150146728
Lcorl	3.09899599545377e-08	1.41974041602817	0.395	0.111	0.000466677806955383
Snhg6	3.26551687328538e-08	1.02010027684754	0.588	0.321	0.000491754185948045
H2-Q10	3.60319775790611e-08	1.08149948342074	0.923	0.757	0.000542605550363081
Gm15675	3.70726071968407e-08	1.26509687229069	0.283	0.096	0.000558276391777224
5830487J09Rik	3.71476427801521e-08	1.06929698215545	0.399	0.086	0.000559406352626311
Smim4	4.10800746625692e-08	1.5333454515559	0.605	0.386	0.00061862484434363
Tnks2	4.19662920969551e-08	1.1219868557301	0.502	0.236	0.000631970392688047
Hdgfrp3	4.23521181274166e-08	1.12331973420039	0.429	0.143	0.000637780546880766
Ms4a6c	4.84360268117931e-08	2.04043279818758	0.403	0.096	0.000729398127758793
Chd4	4.84430620273734e-08	1.00191274328618	0.888	0.732	0.000729504071070215
D130007C19Rik	5.06288179084682e-08	1.15914357198191	0.296	0.079	0.000762419368883623
Trappc2l	5.28493271089442e-08	1.15388609311504	0.425	0.257	0.00079585801693359
Cep57l1	5.68425588951839e-08	1.00756995990949	0.657	0.318	0.000855992094402574
Appl1	5.69726051155281e-08	1.03155376316629	0.558	0.254	0.000857950460434738
Deb1	6.11926056986058e-08	1.16712171272739	0.369	0.139	0.000921499449215304
Cbfa2t2	6.1827788265203e-08	2.01952637219838	0.558	0.225	0.000931064663485692
Tmem170b	6.55174683017151e-08	2.16024463835431	0.296	0.079	0.000986627555155527
Amd1	6.61632236368188e-08	1.08751874446242	0.575	0.254	0.000996351984746854
Zbtb4	6.7622392534527e-08	1.75122591171178	0.348	0.075	0.00101832560917744
Wdfy1	6.90851910871433e-08	1.03647249724272	0.519	0.261	0.00104035389258129
Gm26742	7.05924105117404e-08	1.48162228659514	0.292	0.039	0.0010630511098963
Ckap5	8.12713343983156e-08	1.57403494095205	0.408	0.154	0.00122386502470423
Chsy1	8.4370926076392e-08	1.09267493233752	0.197	0.018	0.00127054177578439
Sox4	8.83790369417622e-08	1.48264965460062	0.532	0.204	0.001330899917306
Gm27389	9.2094014457861e-08	1.06743847530892	0.305	0.071	0.00138684376372093
Nedd8	9.29056582508212e-08	1.20051967945525	0.751	0.725	0.00139906630759912
Ccdc171	9.75319578322929e-08	1.34556024635666	0.438	0.143	0.0014687337529965
Ammecr1	9.81399565753864e-08	1.35410187834943	0.21	0.029	0.00147788960606874
Hbb-bt	1.01374625696476e-07	1.65437869400856	0.258	0.086	0.00152660048836323
Gm44238	1.05546532545555e-07	1.18318567450407	0.18	0.043	0.00158942523360351
Cox4i2	1.05804558647763e-07	2.50363248611496	0.223	0.046	0.00159331084867666
Gm47314	1.06044546905056e-07	1.23371645765091	0.494	0.204	0.00159692483184324
Zfp329	1.08022682346008e-07	1.47968107481483	0.433	0.146	0.00162671357344853
Per3	1.0867470730983e-07	1.67415905666344	0.635	0.279	0.00163653241737873
Acin1	1.1228549472789e-07	1.12775916602739	0.773	0.564	0.00169090726510729
Capns1	1.23372591682472e-07	1.08967497263199	0.588	0.332	0.00185786785814634
Meg3	1.25944598977611e-07	1.35580588622719	0.524	0.271	0.00189659971600384
Ptafr	1.32204793453921e-07	1.00714658527909	0.536	0.307	0.0019908719846226
Arl14ep	1.38915829723167e-07	1.31103099430849	0.515	0.2	0.00209193347980117
Synj2bp	1.39996000511418e-07	1.06799335509665	0.631	0.275	0.00210819977170145
Cep57	1.51874117121825e-07	1.37408041701024	0.549	0.207	0.00228707232973756
Xbp1	1.57537121148392e-07	1.20437271927258	0.777	0.664	0.00237235150737363
Zfp292	1.66819006522906e-07	1.05005063872819	0.502	0.204	0.00251212741922844
B130021K23Rik	1.72028379240026e-07	1.21145890868861	0.455	0.139	0.00259057536297555
Tmem265	1.77763523964323e-07	1.81189837801825	0.352	0.046	0.00267694090737875
RP23-296I6.7	1.89496038352255e-07	1.16572070949685	0.21	0.025	0.00285362084154661
1110058L19Rik	1.90502081777671e-07	1.2120101214267	0.451	0.207	0.00286877084948995
Ndufb6	2.00518545332272e-07	1.1007100543898	0.609	0.436	0.00301960877415869
Rfwd2	2.01779429112704e-07	1.35402576074365	0.498	0.175	0.00303859642300821
RP24-321N12.1	2.03613662300775e-07	1.7305582023961	0.343	0.086	0.00306621814058737
RP23-464I9.2	2.07460365754967e-07	1.17109203286008	0.485	0.221	0.00312414564790404
Kdm3b	2.0897108953317e-07	1.0235933215378	0.502	0.175	0.00314689563728
Gm44189	2.15779123123882e-07	1.2372447516508	0.476	0.182	0.00324941781512254
Mrps36	2.17065666297934e-07	1.47999132025495	0.399	0.182	0.00326879186878059
Ndufa1	2.32600551850629e-07	1.06255144640848	0.575	0.396	0.00350273171031863
Gm28874	2.41873773005936e-07	1.76402979604208	0.33	0.114	0.00364237714769639
Rgl1	2.47933835042503e-07	1.46058028464865	0.197	0.029	0.00373363562190505
Polr2j	2.48588006600359e-07	1.13854749737181	0.695	0.525	0.00374348679139481
Rbm34	2.58832812953417e-07	1.15089940088291	0.584	0.236	0.0038977633302655
4930404I05Rik	2.75183875750112e-07	1.17686968927895	0.403	0.104	0.00414399398492094
Il15	2.86346802292829e-07	1.1489580734369	0.386	0.196	0.00431209649572771
Pnn	2.87178029371901e-07	1.09623967313475	0.777	0.525	0.00432461394431145
Etohd2	2.99262597736617e-07	1.08641939683941	0.365	0.093	0.00450659545931571
Ets1	3.09820649763056e-07	1.87614220613353	0.3	0.093	0.00466558916478186
Fnip1	3.18111983491976e-07	1.42158228693766	0.365	0.107	0.00479044835940567
Snrpd3	3.31888335689979e-07	1.12527390263779	0.536	0.289	0.00499790644715539
Gm43549	3.49944165304924e-07	1.54847388290187	0.429	0.211	0.00526980918532684
Scai	3.55207976819248e-07	1.13329734956882	0.511	0.182	0.00534907692292105
Rmnd1	3.60099787081711e-07	1.14023036739604	0.459	0.239	0.00542274269366349
Gimap3	3.62022565714779e-07	1.98526922906202	0.3	0.071	0.00545169781709885
Whsc1l1	3.76464325592007e-07	1.05964485685531	0.648	0.379	0.00566917627909003
Ppp2r5c	3.82004664596257e-07	1.23926162391818	0.828	0.661	0.00575260824415503
Rhag	4.07480887981122e-07	2.09823259795068	0.124	0.043	0.00613625469210771
RP24-120B18.6	4.09860172836338e-07	1.93562274234551	0.429	0.104	0.00617208434274242
Gm26723	4.18256031833414e-07	1.28499642972839	0.167	0.054	0.00629851758337938
Anapc13	4.27978627056996e-07	1.20150626846937	0.721	0.55	0.0064449301448513
Dnajc18	4.47305512863586e-07	1.82301142964835	0.416	0.132	0.00673597371821274
Fcer1g	4.62845215685025e-07	1.19338004039916	0.348	0.193	0.00696998610300079
Ccdc174	4.69656930306063e-07	1.50221763077769	0.438	0.132	0.007072563713479
Ppig	5.18541406582571e-07	1.12315964280722	0.502	0.204	0.00780871504172694
Wdfy3	5.64768882773381e-07	1.70219938366479	0.489	0.189	0.00850485460568435
Mtx3	5.77499485323746e-07	1.29384718142645	0.292	0.079	0.00869656474949028
Nfkbiz	5.87883580003317e-07	1.26579703975936	0.361	0.157	0.00885293883126995
Gm36266	5.89278053556064e-07	1.44691658453932	0.296	0.057	0.00887393820850076
Gm26853	5.99147351528037e-07	1.18049746904464	0.476	0.189	0.00902255996666071
Gan	6.60730836360269e-07	1.15742135476454	0.519	0.139	0.0099499456647493
